120
87
1 2 6
1 3 8
2 3 2
3 5 4
5 4 5
5 7 4
4 6 1
7 6 6
7 8 2
8 9 2
9 14 1
14 15 2
15 13 1
13 12 1
13 9 2
12 9 1
12 11 1
8 11 2
10 8 3
8 12 1
10 12 2
15 16 1
16 17 6
16 18 8
17 18 2
18 20 4
20 19 5
20 22 4
19 21 1
22 21 6
22 23 2
23 24 2
24 29 1
29 30 2
30 28 1
28 27 1
28 24 2
27 24 1
27 26 1
23 26 2
25 23 3
23 27 1
25 27 2
30 31 1
31 32 6
31 33 8
32 33 2
33 35 4
35 34 5
35 37 4
34 36 1
37 36 6
37 38 2
38 39 2
39 44 1
44 45 2
45 43 1
43 42 1
43 39 2
42 39 1
42 41 1
38 41 2
40 38 3
38 42 1
40 42 2
45 46 1
46 47 6
46 48 8
47 48 2
48 50 4
50 49 5
50 52 4
49 51 1
52 51 6
52 53 2
53 54 2
54 59 1
59 60 2
60 58 1
58 57 1
58 54 2
57 54 1
57 56 1
53 56 2
55 53 3
53 57 1
55 57 2
