120
175
1 2 6
1 3 8
2 3 2
3 5 4
5 4 5
5 7 4
4 6 1
7 6 6
7 8 2
8 9 2
9 14 1
14 15 2
15 13 1
13 12 1
13 9 2
12 9 1
12 11 1
8 11 2
10 8 3
8 12 1
10 12 2
15 16 1
16	17 6
16	18 8
17	18 2
18	20 4
20	19 5
20	22 4
19	21 1
22	21 6
22	23 2
23	24 2
24	29 1
29	30 2
30	28 1
28	27 1
28	24 2
27	24 1
27	26 1
23	26 2
25	23 3
23	27 1
25	27 2
30  31 1
31	32 6
31	33 8
32	33 2
33	35 4
35	34 5
35	37 4
34	36 1
37	36 6
37	38 2
38	39 2
39	44 1
44	45 2
45	43 1
43	42 1
43	39 2
42	39 1
42	41 1
38	41 2
40	38 3
38	42 1
40	42 2
45	46 1
46	47 6
46	48 8
47	48 2
48	50 4
50	49 5
50	52 4
49	51 1
52	51 6
52	53 2
53	54 2
54	59 1
59	60 2
60	58 1
58	57 1
58	54 2
57	54 1
57	56 1
53	56 2
55	53 3
53	57 1
55	57 2
60 61 1
61	62	6
61	63	8
62	63	2
63	65	4
65	64	5
65	67	4
64	66	1
67	66	6
67	68	2
68	69	2
69	74	1
74	75	2
75	73	1
73	72	1
73	69	2
72	69	1
72	71	1
68	71	2
70	68	3
68	72	1
70	72	2
75	76	1
76	77	6
76	78	8
77	78	2
78	80	4
80	79	5
80	82	4
79	81	1
82	81	6
82	83	2
83	84	2
84	89	1
89	90	2
90	88	1
88	87	1
88	84	2
87	84	1
87	86	1
83	86	2
85	83	3
83	87	1
85	87	2
90	91	1
91	92	6
91	93	8
92	93	2
93	95	4
95	94	5
95	97	4
94	96	1
97	96	6
97	98	2
98	99	2
99	104	1
104	105	2
105	103	1
103	102	1
103	99	2
102	99	1
102	101	1
98	101	2
100	98	3
98	102	1
100	102	2
105	106	1
106	107	6
106	108	8
107	108	2
108	110	4
110	109	5
110	112	4
109	111	1
112	111	6
112	113	2
113	114	2
114	119	1
119	120	2
120	118	1
118	117	1
118	114	2
117	114	1
117	116	1
113	116	2
115	113	3
113	117	1
115	117	2